0.0	-0.00768780435134
0.00564176728514	0.14715287556
0.010003419192	0.182140156459
0.0159982718163	0.263338674736
0.0216140548267	0.408169960855
0.0272948009009	0.509154120736
0.0323728100294	0.589063138145
0.0383020869387	0.53795393757
0.0435582092333	0.340298784354
0.0486648784778	0.66832106482
0.0532876896929	0.43324512344
0.0591159771527	0.707379014112
0.0634531421871	0.695132958141
0.0688536253633	0.823929684381
0.0747843212956	0.678824870227
0.0791950344237	0.810524925391
0.0837271020471	0.906551499505
0.0894348483786	0.822170837374
0.0936453954016	0.948049092916
0.098159055578	0.787071396389
0.102912972477	1.02107482396
0.107597386799	1.02945977153
0.111948567249	0.94846936543
0.116810243172	0.894114072265
0.122357486767	0.871390904011
0.127098299516	1.18406808835
0.131866485351	0.900485679186
0.136879430633	0.947297439172
0.142639255966	1.01718608586
0.147426815041	0.85130617159
0.151901786985	0.983919030017
0.156650719022	0.817849694636
0.162587118303	0.928375502281
0.167932875578	0.866111824749
0.17198787622	0.92116422914
0.177125016414	0.920361423789
0.182794754026	0.695192716062
0.187321365104	0.782350341757
0.193028854375	0.718510256537
0.197495212806	0.773902353686
0.20229682541	0.499464024615
0.206992822096	0.403931015901
0.212199551577	0.551620301058
0.216282200367	0.231436774525
0.220565435002	0.397274746086
0.225534958452	0.142521506878
0.230184396427	0.433063341299
0.234587377958	0.371289808451
0.240228976036	-0.0213825720051
0.245165071206	0.126432841823
0.250155090272	-0.0699501441175
0.255810019022	0.0889389163932
0.259891212276	-0.294742464122
0.264533381123	-0.0243560161904
0.269756025147	-0.118528874155
0.274875387894	-0.283482144506
0.278981605869	-0.169747133499
0.284348371512	-0.502695096205
0.288419912353	-0.354261951242
0.293065828095	-0.510491021265
0.298705338943	-0.627000801352
0.303663438521	-0.463213806806
0.309030381326	-0.672768237286
0.315029015474	-0.729592494859
0.319462848555	-0.9140768854
0.324450447024	-0.817002509986
0.328763743512	-0.679643129002
0.332999661099	-0.77954038051
0.338832474393	-0.781731195576
0.344207981674	-0.731306816755
0.349012495437	-0.91352509002
0.353291133234	-0.932732541111
0.357514987874	-0.88422655897
0.36255976923	-1.14782645598
0.368043805727	-0.94705967084
0.372740690825	-0.912612130373
0.377909216597	-1.17541682463
0.383492755975	-1.01616577346
0.388708352649	-1.14775001564
0.393916986698	-0.87452867293
0.398649188912	-0.983291447083
0.403739187338	-1.05518654043
0.409335946173	-0.799302996891
0.414695464684	-0.828003536286
0.420598307522	-0.820463760602
0.424795632402	-0.938554412782
0.429608078084	-0.843545137799
0.434131503374	-0.646782799826
0.439164759227	-0.640814915239
0.444885418972	-0.679133199029
0.450129974736	-0.484474700755
0.455617183008	-0.593771394732
0.459939136327	-0.36043111563
0.46457093435	-0.598154775555
0.468791467448	-0.232951658514
0.473738496631	-0.457746853966
0.478491298519	-0.440765525921
0.483731436805	-0.376838859083
0.488123894393	-0.153136269612
0.492988849599	0.103164669555
0.497986242866	0.173929998845
0.502344466494	-0.0646967329816
0.507050175742	0.0772478303567
0.511890617261	0.177517848359
0.516003807487	0.031659059099
0.521202053016	0.428936097837
0.525354330392	0.233698706014
0.529493905357	0.270499232567
0.535318801835	0.259719628997
0.540092353106	0.324937568255
0.545896770126	0.417504838386
0.551756387381	0.799144145729
0.557231865431	0.557703955586
0.563202778826	0.628256264058
0.568606421796	0.810363497941
0.573588321637	0.913010109298
0.579115387483	0.730680170049
0.584076806702	0.73613560741
0.588339639891	0.794441533975
0.594092003368	0.846185262029
0.599257656673	0.807028234928
0.603416498373	0.905459836548
0.609161255066	0.906724890044
0.614454702048	0.815231143979
0.619152547469	0.987432264371
0.623855023738	0.983893999447
0.629834257648	1.06080686074
0.634508943423	1.16046382964
0.640368440651	1.09088647078
0.64471563137	1.04579340904
0.650552975434	0.855885351664
0.655043374219	1.09560832349
0.659934357254	0.748804276342
0.664686362528	0.984244936928
0.669486699684	1.0438417521
0.675473855566	0.811495092888
0.679934286264	0.595594284454
0.68565299717	0.644173409826
0.690519288454	0.736410522369
0.696052305936	0.751679083906
0.701335656813	0.77020273397
0.706672066362	0.354793959141
0.710950581633	0.491316602488
0.716168802152	0.34300636515
0.720304000506	0.277146079934
0.725483209241	0.222556917766
0.72967524655	0.429047271242
0.734602124693	0.0274002672799
0.738885587768	0.112581973842
0.744825430632	0.0567504874706
0.750591198491	0.0690877456441
0.754733964724	0.132601771097
0.759548420952	-0.173301163519
0.765343910418	-0.185661235585
0.771265963458	-0.412227756295
0.77614259262	-0.496706750011
0.781022083015	-0.271834365756
0.785844485299	-0.427119122669
0.790176226167	-0.673746971852
0.795607650139	-0.397322403289
0.800540602688	-0.488409518064
0.804627734033	-0.832960444241
0.80885506832	-0.541092143239
0.813634991525	-0.694245754295
0.819569005828	-0.681556787592
0.823780841205	-0.979723678352
0.829007878594	-0.834545551093
0.833629991811	-0.853183197468
0.838593138268	-0.835438397429
0.844545564667	-1.11530900791
0.848989320757	-1.07165272116
0.85353719282	-1.14245500103
0.858230731497	-0.811760523787
0.863259932209	-1.12109036585
0.867689006624	-1.16232776911
0.873107371118	-1.10037402445
0.878575947323	-0.88174914912
0.884175432137	-1.17427806069
0.889025475204	-0.910696432119
0.893426095263	-1.16398308604
0.898155842908	-0.762944293026
0.902213041701	-0.893810901169
0.907359568215	-1.00009211877
0.912665400538	-0.927496417355
0.917302017371	-0.941278923143
0.922830138023	-0.644256528257
0.927179490828	-0.747451894041
0.93174562561	-0.775199996854
0.936882770509	-0.81006449202
0.940904471547	-0.655237775271
0.945574085202	-0.683162785907
0.950337405595	-0.416881715832
0.955927977257	-0.358737279791
0.960164148367	-0.56498669891
0.965231717957	-0.330670818557
0.970180440045	-0.177170081286
0.975200683693	-0.310570055292
0.979803688015	-0.35287647074
0.98487962372	-0.115491075037
0.990319934157	-0.101105990842
0.996168283484	-0.117417967618
1.00063689527	-0.0715176933565
1.00651845587	0.254841639394
1.01196582604	0.321317596079
1.01744606235	0.36170883934
1.02312345565	0.462478109931
1.0288113144	0.465320834758
1.03307561984	0.34077972698
1.03730822568	0.381560854547
1.04213007886	0.512885712106
1.04712849726	0.466606108652
1.05115505551	0.661097270149
1.05664912086	0.57035000302
1.06247302311	0.659593315198
1.06719507901	0.79806766686
1.07214722374	0.838054911452
1.07679279993	0.738629302011
1.08199703413	0.785078537536
1.08726794389	0.763898651362
1.09144327949	0.897993355958
1.0959151139	0.903288359732
1.10149133521	1.10014555745
1.1056318526	1.0969360371
1.11019208912	0.841652112281
1.11465325996	1.0619355989
1.12028341058	0.967178940152
1.12511623253	0.973073134396
1.13062584239	0.992473924888
1.13487388128	1.01955423444
1.13910694178	0.809485179235
1.14347522399	0.926977099292
1.14941362178	1.13664171324
1.154308612	0.804328669046
1.15835281482	1.01204470289
1.16276326033	0.889129587069
1.16868020248	0.741049757179
1.17428629102	0.81725323182
1.17989940157	0.919180868704
1.18394867174	0.890056106078
1.18839920661	0.658678351886
1.19407333004	0.823553254833
1.19997932536	0.730423248679
1.20563765704	0.661020748563
1.20966211851	0.365603664588
1.21524849718	0.561284833238
1.2210674	0.330537876938
1.22580864821	0.170863749738
1.23082149948	0.105620923971
1.23634130942	0.0713426332087
1.24090293417	-0.0035600855043
1.24558297197	-0.130471253376
1.25086369644	-0.0781603343484
1.25514730156	0.0212034385069
1.25961491993	0.00334470427489
1.2636869895	-0.0161286466277
1.26894318982	-0.271424201941
1.27330159548	-0.326958374952
1.27821258527	-0.196212227434
1.28285746287	-0.220923143043
1.28739034439	-0.550328628211
1.2924723589	-0.580824171037
1.29810205512	-0.767524956145
1.30349807437	-0.688189553597
1.30765735949	-0.759507535138
1.31269685216	-0.810689127376
1.31839910683	-0.659743878288
1.32381855772	-0.868413367463
1.32843245694	-0.954878536198
1.3343904281	-0.978975218951
1.3384336983	-0.750442948499
1.34413559993	-1.04765007343
1.34977700654	-1.1039451698
1.3543781687	-0.928963079735
1.358953397	-0.996401978266
1.36480948413	-0.924067313266
1.37047031794	-0.932317569763
1.37529454433	-0.928273182053
1.38093556872	-0.840834051315
1.38526343659	-1.07857930046
1.39021164843	-1.07050107326
1.39602881557	-1.03928635659
1.40162024545	-1.01677744933
1.40588778501	-1.06135440142
1.41097355846	-0.847074105648
1.41578423219	-0.711905888412
1.42094002317	-0.943022468354
1.42555221271	-1.00000406831
1.43008648183	-0.966348193596
1.43570571768	-0.631370801931
1.4403893417	-0.778860707495
1.44600356146	-0.589475510758
1.45121893005	-0.748392357177
1.45667193731	-0.328586329441
1.46178160987	-0.632340465054
1.46693290334	-0.442513897751
1.47205632404	-0.238676196234
1.47632911351	-0.377488771159
1.48058738732	-0.243822618237
1.48513156657	-0.0434340860184
1.48984967214	-0.158974916282
1.49406616333	-0.0174053476012
1.4993445882	-0.130975888171
1.50420427835	-0.0766372460585
1.50843457709	0.124041655877
1.51244825062	0.0947536089894
1.51786338035	0.0378841826582
1.52273378287	0.370499758459
1.52735198405	0.483486687725
1.53328256253	0.496484887677
1.53818849741	0.284040285185
1.5439661409	0.614079773943
1.5487228982	0.44162194047
1.55448460855	0.544059492431
1.5591882652	0.87099626541
1.56507602802	0.619570575417
1.57025825423	0.821720319204
1.57570415405	0.626558030226
1.58141670161	0.939549347845
1.58670867271	0.854779392287
1.59266564944	0.723157751876
1.59781183172	1.13754064598
1.60228291957	0.784730718552
1.60672228508	0.998841505315
1.61119801744	1.12740081046
1.61541688079	0.881851980745
1.62090443826	0.808425591636
1.62600959587	0.844604236141
1.63142528046	1.18402528929
1.63551883993	0.799148065527
1.64145081869	1.15974087018
1.64613158837	0.970145760655
1.65046578568	0.873236055429
1.65484446799	0.996953511049
1.6598996983	0.818172944142
1.66432858099	1.06265074776
1.67020488684	0.973959890516
1.67504547896	0.897378649658
1.68008339892	0.931939455572
1.68604917103	0.835656123154
1.69104817974	0.50351729757
1.69601749984	0.61521078704
1.70107967256	0.742992074705
1.70692849144	0.498689741883
1.71125275319	0.645015678073
1.71634781446	0.561241606823
1.72148243629	0.488485123471
1.72574140086	0.469456348305
1.73082343613	0.398525378709
1.73673493384	0.166467541405
1.74237810846	0.263337519437
1.74767965573	0.170007182356
1.75172916786	0.0290926634711
1.75706130394	0.0703857972119
1.76222608307	-0.282444305666
1.7671922978	-0.399011554615
1.77166616469	-0.116559956493
1.777558609	-0.493858153265
1.7822692081	-0.571245393658
1.78664110841	-0.593611783491
1.79215559696	-0.642530587548
1.7974447304	-0.511670949194
1.80213650396	-0.701577429717
1.80766155283	-0.616883040301
1.81245448959	-0.614222354774
1.81833846588	-0.717654221256
1.82365621235	-0.845705867151
1.82808174819	-0.989080795019
1.83278063057	-0.722406244924
1.83808380838	-1.05120436527
1.84271680247	-0.895464278028
1.84784503681	-0.772808581939
1.85365498899	-1.12678685862
1.85878633717	-0.884811746962
1.86419342374	-1.04885111041
1.86888344979	-1.08454710419
1.87475732267	-1.03569104261
1.88072382474	-1.06854352711
1.8856192768	-1.0222516241
1.89064504343	-1.02414819718
1.89479721232	-0.780866419913
1.89990659342	-1.14071885413
1.90400455446	-0.964907421408
1.90912698875	-0.804666380236
1.91402802603	-1.02832899698
1.91927581739	-0.848043176786
1.92485579262	-0.968808290962
1.93074913726	-0.579952539125
1.93491387865	-0.775752492401
1.94020311808	-0.846180724426
1.94565152347	-0.587168541723
1.95050876221	-0.762866463164
1.95536694016	-0.688610405954
1.96092443218	-0.543188038905
1.96659692163	-0.291840756169
1.97231802419	-0.243721901695
1.97729493953	-0.359249401863
1.98274148664	-0.0263236982511
1.98691954702	-0.0865888802972
1.99131853442	-0.0412198511787
1.99639698399	-0.110028240847
2.00182604263	0.0666977882387
2.00615732122	0.263860532139
2.01145622664	0.328394520642
2.01695340387	0.263074368401
2.02161360733	0.138002464476
2.02681955015	0.212559283453
2.0309356239	0.568608605379
2.03538819939	0.290590070644
2.03996148085	0.565307221345
2.04531497202	0.550418832169
2.05067501063	0.553153426341
2.05491708423	0.547690986541
2.06009890962	0.571752313683
2.06488589702	0.697732106388
2.06895067644	0.665011971552
2.07479101061	0.669759802057
2.0801695617	0.802569645913
2.08435486226	0.753321303443
2.08917882854	0.879231626839
2.09342319668	0.79798116679
2.09749863846	0.983637723798
2.10285607686	0.907813722749
2.10844690283	0.903212605188
2.11341032864	0.813313242317
2.11872149659	1.03072255616
2.1243753127	1.04374571076
2.12992593849	1.11802369272
2.13583225439	0.990894947115
2.14028095611	0.925612704897
2.14605057315	0.888407209187
2.15087969151	0.86778412702
2.15533183658	0.784994415471
2.1609883189	0.777379728771
2.16619019197	0.783313469613
2.17135144696	0.691438010087
2.17610194102	0.615403705308
2.18179235222	0.741024479065
2.18666446367	0.659120283016
2.19252641316	0.625561846736
2.19673874036	0.807967711817
2.20092021017	0.448479136904
2.20542519409	0.40250698426
2.20972787459	0.610706265497
2.21408008957	0.414305986422
2.2193827711	0.212980333345
2.22354503007	0.351238241799
2.22845733037	0.364830976001
2.23431852588	0.292589886355
2.23984218407	0.237364017854
2.24420993141	0.0785999019989
2.2501087182	0.0427386184856
2.25460212192	-0.17417860134
2.25958414888	-0.0815565751317
2.26519354531	-0.368560271192
2.27112760612	-0.337064385258
2.27528400704	-0.288670716299
2.27997211467	-0.528694519855
2.28506155494	-0.293054112909
2.28909453228	-0.499478047921
2.29360297574	-0.406298477081
2.29760999956	-0.489325552044
2.30216662912	-0.545014446841
2.30676642452	-0.762494476793
2.31174083583	-0.616871481496
2.31681984175	-0.656314091158
2.32232194164	-0.88508002773
2.32828173288	-0.722281149519
2.3338794267	-0.929453005298
2.33878142481	-0.87361125689
2.34355439377	-0.815002997473
2.34883725995	-0.75402427074
2.35397807919	-0.804472446514
2.35856848818	-0.783655953439
2.36288388599	-1.16742997841
2.3685654507	-0.894839755283
2.37411178732	-1.16350211591
2.37867282072	-0.937585493801
2.38301213083	-1.10342960091
2.38886465298	-0.872311422994
2.39458615185	-0.784474265864
2.40037251332	-1.10931626135
2.40455078589	-1.12446779344
2.41018816596	-0.896288927751
2.41551408381	-0.982520600212
2.41968822616	-0.850015632927
2.42481320722	-0.889901793788
2.43077660125	-0.859038006425
2.43659170294	-0.912173051168
2.44101650532	-0.530674606824
2.44538068516	-0.69674443561
2.45125048527	-0.735738860989
2.4569230747	-0.636934284638
2.46253551309	-0.291268386586
2.46848527675	-0.249876537225
2.47294016728	-0.46772742709
2.47722076979	-0.414766598835
2.4820032331	-0.243883716585
2.48613602963	-0.297283994726
2.49121574131	-0.292586029938
2.49587123194	-0.108074237683
2.50045547691	-0.113208952741
2.50645246733	0.202434331288
2.51240956223	-0.0125535799224
2.51779204342	0.0713107715571
2.5235541611	0.294967102229
2.5288271137	0.277002309183
2.53349859237	0.22311970557
2.53833678422	0.594059877038
2.544107676	0.698541674372
2.54909205492	0.484604436618
2.55434346987	0.471994741646
2.55877828945	0.840938325372
2.56355032878	0.642161410727
2.5679976268	0.698303738672
2.57361090518	0.88614977914
2.57921919151	1.02064338049
2.58479362241	1.04602133311
2.58966524556	0.854972696124
2.59467100275	1.0424186736
2.60009070196	0.897477482402
2.60492210516	0.998921265332
2.61017547644	0.864705772074
2.61455021326	0.982353141547
2.61897532107	1.15690064862
2.62432271371	1.19008385817
2.62958784398	0.875048014248
2.63531886834	0.91764569482
2.64051079413	0.915453229473
2.64631145241	1.0337098358
2.65168652853	1.14389157691
2.65669410527	0.762062857348
2.66116832271	0.891743362237
2.66631608371	0.832871247079
2.67137594207	0.750491105274
2.67726825623	0.596637929025
2.68154416595	0.619439537548
2.68621482623	0.826555176188
2.69201830223	0.762466962101
2.69644171431	0.646590564383
2.70092691263	0.397103805156
2.70587830412	0.362936157956
2.71002871601	0.31983212964
2.7143278874	0.555406701438
2.71982869615	0.246148771783
2.72508403811	0.500716031524
2.72923679129	0.354153617097
2.73460114516	0.293439673905
2.74017632901	0.10760669955
2.74546526798	0.0864722927409
2.75104301657	0.0930046198743
2.75672590304	-0.0943016103844
2.76102063289	-0.105929452537
2.76541662277	-0.0035318430299
2.76985711454	-0.0506730646577
2.77534633567	-0.454579020262
2.78011120959	-0.233509715937
2.78485507453	-0.443881868487
2.78992217587	-0.421098815645
2.79582265286	-0.416412128762
2.80031555294	-0.45160493234
2.80497524103	-0.798037044918
2.81058777599	-0.540461354657
2.81475057767	-0.796988230676
2.81935747805	-0.660585212638
2.82357577072	-0.884706098049
2.82820011657	-0.651324788174
2.83285576439	-0.878924698613
2.83820474903	-0.833141456366
2.84323788948	-0.986529646712
2.84846551793	-0.764339502435
2.8531240273	-0.909967442137
2.85837237452	-1.10474459347
2.86238611564	-1.0049193935
2.86759841675	-1.14914227173
2.8735751945	-1.07937527404
2.8795666213	-1.02639016728
2.88481265935	-0.82080104889
2.89039685533	-1.17335083103
2.89499701127	-0.905173744539
2.89995475532	-0.759286411231
2.90543599572	-1.08787018801
2.91050979712	-0.954729888299
2.91544628912	-0.809755884825
2.92119675865	-1.02117575952
2.92537665922	-0.632895138452
2.93036288097	-0.585712114227
2.93443730703	-0.582492904007
2.9392737463	-0.840651551197
2.94373043346	-0.610781784436
2.94935958946	-0.556007889471
2.95336213695	-0.573087811878
2.95776846298	-0.366592665164
2.96324254517	-0.300610620151
2.96801647187	-0.552897778591
2.97239174529	-0.528858830209
2.97679326594	-0.286884060414
2.98085520936	-0.147881235283
2.98684608036	-0.270778424889
2.99106046715	0.0360488994054
2.99655593664	0.0426958773163
3.0019557333	-0.0942382666374
3.00750765461	0.167391922615
3.01304937492	0.259168368342
3.01862835577	0.263920120221
3.02392087479	0.375091707309
3.02987632864	0.385294283492
3.0341082043	0.570085093324
3.03922932784	0.412618330661
3.04411478295	0.337439641837
3.04925097696	0.699652083235
3.05422593918	0.567555610399
3.05888947238	0.592072411713
3.06306908056	0.810920288891
3.06741474526	0.931882161454
3.07147913494	0.778125907131
3.07590442542	0.813020235749
3.08090464443	0.940180707046
3.08557455468	0.759816301787
3.09030332562	0.725522625691
3.09497760044	1.00544106032
3.10078534575	0.843068916824
3.10538670799	1.06207915457
3.11126996799	0.787139431105
3.11620854113	0.865012635524
3.12029313298	0.909916560208
3.12624493147	0.915247991573
3.13112495272	1.14570081844
3.13697029915	0.915198105593
3.14236080997	1.1655794183
3.14781291605	0.952156802054
3.15296372441	0.941762400226
3.15831271661	1.02711851829
3.16329183984	0.851139651749
3.16757255177	0.851860695103
3.17259602873	0.850219507407
3.17758525725	0.797359781746
3.18229563131	0.79945839561
3.18801363915	0.739877220537
3.19380366962	0.712744096201
3.19815389855	0.592630301759
3.2036634884	0.602213452746
3.20814039278	0.389091061151
3.21264668744	0.473837487374
3.21829259979	0.317600851826
3.22272992702	0.34086996232
3.22801094096	0.23863726137
3.23357803472	0.247541052721
3.23883847017	0.0417204699692
3.24325216133	0.0813865112037
3.24822928547	-0.0155511784899
3.25245777829	-0.0654519170927
3.25681783441	0.0528668058288
3.26241742924	-0.0276451629375
3.26687727356	-0.390352883794
3.27203578835	-0.397761973799
3.27660691546	-0.164458481807
3.28156311849	-0.464713261714
3.28581881778	-0.474882072987
3.29013218843	-0.323896052296
3.29606683192	-0.616080942555
3.30202167618	-0.647152062152
3.30776241501	-0.580868586728
3.31280847294	-0.535379382547
3.31737219454	-0.626191404828
3.32154203505	-0.798107574587
3.32581081017	-0.798376559201
3.33058584994	-0.749718880269
3.33588316208	-0.983832248099
3.34102926916	-0.884618044117
3.34697583795	-1.02241920874
3.3523461452	-1.01310335182
3.35833566762	-0.963214074959
3.36249655762	-1.12983998047
3.36714298537	-0.851247313858
3.37251774412	-1.0360023539
3.37814797102	-0.81448318657
3.38357705023	-1.07890889297
3.38894216396	-1.07585513529
3.39421063297	-0.842604581687
3.39916920455	-0.992707731094
3.40481975325	-0.91362066767
3.40948983414	-1.08831234173
3.41449807007	-0.775767941938
3.4186556929	-0.689696486966
3.42424099328	-0.800522699157
3.42933628594	-0.889544435713
3.43403353363	-0.876732219111
3.43843152165	-0.756090169941
3.44398759718	-0.820808069901
3.44832614534	-0.765691213751
3.4534477667	-0.460176312453
3.45823479373	-0.35648850394
3.46235044875	-0.432041524971
3.46702772548	-0.486339153101
3.47243016559	-0.420892619419
3.47811775983	-0.120616385086
3.48349547911	-0.114896408589
3.48816554985	-0.0797834060214
3.49407181378	-0.240060626861
3.49981073373	-0.138608348887
3.50490052756	0.148060471914
3.51062836317	0.323414612204
3.51543135947	0.362190224284
3.5205334479	0.100944655142
3.5245979092	0.243945062246
3.52871192703	0.394326729066
3.53415265079	0.459123106034
3.53827377104	0.424132830364
3.54375539735	0.3323971478
3.54809101513	0.517456326504
3.55365079287	0.758691448583
3.55918608059	0.487917146626
3.56496864661	0.84769843396
3.57018834377	0.874106450652
3.57609645192	0.993272863446
3.58126576734	0.655873835444
3.58695060341	0.952418374243
3.59200263639	0.797269514467
3.59681128566	0.995651274906
3.60268627937	1.09087989546
3.60673736865	0.85436328946
3.61214532678	0.986044087899
3.617426107	0.88977772021
3.62202403782	1.04857944249
3.62694626813	1.18973215076
3.63257458929	0.90878241336
3.63801841531	1.06685047951
3.643776111	0.905120743555
3.64864216521	0.945922499956
3.65333456523	0.794026240364
3.65803478219	0.94401285283
3.66330102018	0.773297617676
3.66928427989	0.983885711601
3.67525073122	0.9496694762
3.68102237892	0.944043693094
3.68663695857	0.593792617165
3.69076798761	0.572945846212
3.69486304236	0.480159416407
3.69969316816	0.595330758271
3.70451479331	0.657845517435
3.70961714495	0.418385189443
3.71448929805	0.54179521036
3.72000962434	0.327966961239
3.72507451783	0.114003176918
3.73064869177	0.301438830978
3.73637562602	0.185166826844
3.74100659842	0.0300649109138
3.74650717624	0.0438846609652
3.75203944939	0.00895581867301
3.75666886758	-0.213689369753
3.76199944511	-0.124621806458
3.76699111819	-0.290567696994
3.77283991672	-0.409715676461
3.77738469517	-0.406237188067
3.78257359356	-0.366768924765
3.78851053182	-0.349609980948
3.7932226176	-0.649694717211
3.79902742296	-0.613785088822
3.80417833616	-0.496808413422
3.80819349293	-0.618532776432
3.81229576941	-0.704249246194
3.81682833171	-0.593608962633
3.82202301125	-0.806264369092
3.82673366693	-0.692911727499
3.8314541313	-0.689789622982
3.83602600968	-0.857159703803
3.84025730353	-1.00609108662
3.84618672562	-0.869692746689
3.85075493983	-0.923635332602
3.85629423073	-0.921019191332
3.86070578669	-1.09755678235
3.86580548402	-1.06212749507
3.87001760445	-0.984796526383
3.87465062869	-1.02163267991
3.87953773302	-1.11325087934
3.88461390281	-0.880782393929
3.88990973438	-1.05796464176
3.89394256564	-0.848035932818
3.89965819009	-0.854529257099
3.90418423961	-0.845273981538
3.9093161423	-0.847481712136
3.91445743426	-0.910991985306
3.92034010864	-0.899595638459
3.9257666887	-0.908751698088
3.93160839714	-0.905676225743
3.93741036414	-0.556395655653
3.9424490932	-0.572237432002
3.94762813037	-0.489954896799
3.95283170135	-0.364005463896
3.95697088553	-0.700057821593
3.962861306	-0.342619032488
3.96739432712	-0.376849621056
3.97225446588	-0.335776534023
3.97684830432	-0.480397419591
3.98149181631	-0.24911206781
3.98670980469	-0.214975844684
3.99165621581	-0.0748984282379
3.99596265445	-0.00476549001588
4.0019225278	0.191857896517
4.0078963171	0.276786185395
4.01273910291	0.208835110588
4.01785040098	0.334296321393
4.02350980858	0.318048750974
4.02823049163	0.229919405455
4.03353292675	0.308290054131
4.03946654647	0.577054648161
4.0451252939	0.419913610633
4.04914615404	0.751737614008
4.05472035357	0.756367209072
4.06007767322	0.635858370909
4.064710519	0.826331797412
4.07042683953	0.853174379576
4.07588831772	0.847606730356
4.08122370198	0.686208598212
4.08677810102	0.843965878181
4.09172393589	1.08637342214
4.09736287491	0.842306641504
4.10237248807	0.924467214908
4.10828713639	1.05758195378
4.11259524989	1.11831499127
4.1177436793	1.18123984695
4.12267473749	1.06796756712
4.12804628699	0.89039764667
4.13339217692	1.03380569436
4.13825187688	0.852815720955
4.14234758583	1.12015480206
4.14772682337	0.94151243615
4.15328694656	1.02525625194
4.15807632418	1.08519480622
4.16239082398	0.944859699693
4.16734695517	0.859183853439
4.17306102156	0.694566216594
4.17861202697	0.612501424784
4.1827412414	0.872974605535
4.18693000827	0.778652110026
4.19165908729	0.762779410596
4.19567563094	0.823841809042
4.19976554374	0.758545911447
4.20419778114	0.481559655273
4.2089247234	0.652349607218
4.21333223052	0.608510636906
4.21909645404	0.182528180856
4.22379077979	0.388524790232
4.22817734818	0.0940824003257
4.23387562125	0.348526268348
4.23906275229	0.156105351949
4.24472400536	-0.133311841817
4.25070964795	-0.0433953049065
4.25609084917	-0.260636431203
4.26044949886	-0.231089332526
4.26633086655	-0.327371421586
4.27082669379	-0.22676149658
4.27594938128	-0.43985450661
4.2807517231	-0.532206298514
4.28653576561	-0.532989789831
4.29117069602	-0.667744124475
4.29586795807	-0.40221547418
4.30046793634	-0.586021451321
4.30513697094	-0.813249836637
4.31007888626	-0.504807108826
4.3148829025	-0.854392626893
4.32070002626	-0.707683618895
4.32518571701	-0.851621568953
4.33114277933	-0.904980487762
4.33620062757	-0.762240782214
4.3416065712	-0.981532750311
4.34645712654	-1.05566912557
4.35130209916	-1.04954889233
4.3570077077	-0.827824181534
4.36126302622	-0.99380344618
4.36553879557	-0.960819100239
4.37109921158	-0.883111950396
4.37567944042	-0.951040315173
4.38021207565	-0.962768158984
4.38435090454	-1.07155214613
4.38881166755	-1.17805133046
4.39402964439	-1.01171921813
4.39922290537	-1.06658088191
4.40397341169	-1.00519999319
4.40820212389	-1.01943047927
4.41319838195	-0.820077466175
4.41904967685	-0.766711445876
4.42442037517	-0.678536508047
4.42947475644	-0.768228473127
4.43376447453	-0.682010285156
4.43918609931	-0.700475405187
4.44384724798	-0.547595287902
4.44894061234	-0.760380166227
4.45473175013	-0.519037355887
4.45956390882	-0.657478111585
4.46399225423	-0.616511604783
4.46934964931	-0.453407707215
4.47458849292	-0.263306402115
4.47882041557	-0.449372573543
4.48335793998	-0.294407321402
4.48891259905	-0.189884815503
4.49434513629	-0.00024172647823
4.49836962148	-0.141826452839
4.5034576535	-0.134197495408
4.50750359957	0.238351079408
4.51217148846	0.128653070674
4.51763564985	0.0909864295573
4.5222548106	0.213820843107
4.52673731841	0.210362785431
4.53168911917	0.501246287556
4.53627761076	0.353804987586
4.54172481352	0.554791887843
4.54688390608	0.657913171378
4.55268388513	0.424548293875
4.55714463749	0.743012876367
4.5613196726	0.848463369372
4.56636543743	0.552995964193
4.57055483061	0.653828179444
4.57583353974	0.774493881971
4.58152994858	0.826452710986
4.58684758845	0.980160537469
4.59109356592	0.784150764232
4.59662884285	0.89829408376
4.60212630658	1.09468083583
4.60634192044	1.04449912161
4.61056925658	0.951533860313
4.61599443594	1.10229270126
4.62186280282	1.02127984059
4.62637719975	1.03920621669
4.63145576081	0.932467605908
4.63554698559	1.12251246283
4.64028516166	1.17534435682
4.6456519396	1.04264574202
4.65112349275	1.07718983782
4.65624781119	1.05004352709
4.66082353551	1.03336929296
4.66616614677	0.96113477632
4.67093524604	0.830626737187
4.67678288087	0.831662229039
4.68171651385	0.936133483018
4.68576662036	0.563342107941
4.69035020843	0.806330798753
4.69443270506	0.821757695127
4.69924803446	0.488973227771
4.70370999095	0.679900047482
4.70882308103	0.448840873775
4.71322579982	0.475066632422
4.71897213731	0.294336657707
4.72406366626	0.409850803942
4.7287001969	0.0739633680976
4.73391134469	0.387322207818
4.73985491479	-0.07082695369
4.74442593411	-0.0343143247309
4.74953716943	0.16710761645
4.75546195752	0.00556417390392
4.76048937274	-0.289516594312
4.76512233249	-0.0599125070826
4.76960395744	-0.278895872001
4.77401295253	-0.465167775924
4.77863771234	-0.280290434132
4.78413505232	-0.411767833939
4.78986784404	-0.478613108342
4.79402225858	-0.342214222401
4.7984424581	-0.609092331079
4.80307774165	-0.456582649667
4.80905886716	-0.606863416028
4.81331332017	-0.892346500585
4.81786425548	-0.938209984468
4.82300763627	-0.740188480104
4.82830924725	-0.825456750899
4.83412002123	-0.861302624844
4.83838007729	-0.818768908887
4.84431273018	-0.924000468129
4.84972857352	-0.898821165591
4.85568522143	-1.13996446071
4.86082543911	-1.00986260944
4.86525978277	-1.15091443708
4.87020445908	-1.08870327116
4.87454277397	-0.906289300053
4.87938197769	-1.17101551359
4.88418046724	-0.933030148196
4.88919561753	-1.1284459756
4.89480919506	-1.03704846894
4.90062105415	-0.947976209498
4.90561105628	-0.735591539453
4.90986570838	-0.91006083174
4.91535652508	-0.801189133935
4.91985351304	-0.815020128657
4.92446170428	-0.751767546356
4.93007762606	-0.857310614935
4.93522991517	-0.787596673149
4.93984305147	-0.644598803163
4.94435920756	-0.507068818077
4.94932825367	-0.621961652602
4.95406118198	-0.522453928197
4.95895228501	-0.409004522316
4.96348020348	-0.452639891312
4.96803883459	-0.290835836916
4.97252304739	-0.349253887445
4.97732211262	-0.349388946815
4.98289311954	-0.0447163432091
4.98786483939	-0.0667532629856
4.99342377205	-0.202624377422
4.99815511908	-0.184378705475
5.00352381592	0.166052997471
5.00945717562	0.26197626676
5.01479207926	0.219830677445
5.02002907032	0.14046018632
5.02520046581	0.208025735751
5.02999020392	0.327312430287
5.03486190384	0.320801170327
5.03994667043	0.436148558103
5.04470452708	0.338812146775
5.04928083997	0.498705546384
5.05360561685	0.531113464929
5.05825001989	0.617089495444
5.06418890686	0.807187626471
5.06981846389	0.735167201077
5.07572576541	0.771841561524
5.08079926955	0.917156529423
5.084875893	0.747084558669
5.09041974578	0.73359294591
5.0955206616	0.868203873208
5.09957441536	0.817634349885
5.10475760877	0.788956065573
5.10942612033	0.894193670671
5.11444709763	0.862696027136
5.11879611261	1.11801054503
5.1234910737	0.954329086123
5.12784313843	1.08413570273
5.13373442919	1.03916117542
5.13951194241	0.985407075671
5.14542502671	0.928431882079
5.15128294659	0.855019297429
5.15540481618	1.03811659604
5.16068777539	0.941697432103
5.16512010429	0.892683853635
5.16917672886	0.66457983743
5.174903014	0.748965340344
5.17956928939	0.735192879692
5.18485067186	0.549221796855
5.19005707523	0.73862720747
5.19581688214	0.812428910499
5.20012708771	0.658888313076
5.20576266028	0.626205493811
5.21007926864	0.518500844888
5.21481363759	0.333343584847
5.22076673002	0.23658546091
5.22626805161	0.455784904121
5.23148057365	0.40568779538
5.23634709839	0.197161392132
5.2416383289	-0.0155212018992
5.24690635376	-0.071498292398
5.25183716249	-0.163596141631
5.25588170799	-0.218175868067
5.26073325255	-0.195849774284
5.26548526666	-0.231698374886
5.27119315777	-0.314889650884
5.27718671745	-0.293955955132
5.28293156399	-0.560188430139
5.2869892477	-0.517161465574
5.29247505719	-0.66322762219
5.29712642002	-0.578231676993
5.30116551726	-0.552197495542
5.30548177499	-0.580517929386
5.30962588887	-0.806883274555
5.31450047816	-0.858501488427
5.31971021475	-0.717935277101
5.32552380228	-1.01219560261
5.33040928039	-0.652632464939
5.33452834519	-0.736948131418
5.33894830282	-0.995682923714
5.34323205914	-1.01834551489
5.34834833086	-0.937617435546
5.35425826843	-1.00503536818
5.35977804731	-0.857555408517
5.36566233358	-1.11824166966
5.37068412986	-0.861332219579
5.37492064939	-0.964256465634
5.37936758848	-0.878274062662
5.3846771557	-1.00829450774
5.39030492247	-1.06859229233
5.39511653333	-0.925255135706
5.40086038718	-1.11413335178
5.40539396351	-1.10314189539
5.41020312484	-0.73069597621
5.41495855039	-0.933001951067
5.41995514051	-0.690680976493
5.42516266953	-0.833406298657
5.43068767415	-0.686343709757
5.43477162706	-0.748482620586
5.4403269376	-0.710274340082
5.44513170861	-0.728218696311
5.44921039165	-0.451989141741
5.45499291442	-0.640979990775
5.46004536916	-0.312843801339
5.46558327832	-0.291911622368
5.46995001315	-0.526757975877
5.4754632786	-0.165543254933
5.48063413722	-0.287563030262
5.48541753853	-0.188279754823
5.49040138493	-0.00991950799635
5.49550196984	-0.105288674494
5.50147190797	0.0371219055552
5.50551877034	-0.0381277381045
5.51146415132	0.338029249609
5.51573938045	0.343580826499
5.52120987658	0.460697660193
5.52523166205	0.159044159658
5.52970409059	0.190778723836
5.53458360626	0.36561776955
5.5388662941	0.372808133403
5.54403891053	0.51316683224
5.54973287981	0.762159957931
5.55448673245	0.606927556825
5.55877697178	0.56673362981
5.56455184842	0.912934032365
5.56865806192	0.601738018547
5.57333551344	0.802906971828
5.57922546891	0.948899334978
5.5847337175	1.00710734612
5.5904368023	0.890132163357
5.59521057526	0.972606121572
5.59944719589	0.981539333181
5.60344997901	1.1187742348
5.60944921919	0.91491798504
5.61475532578	0.817510548675
5.61903712508	0.988955485269
5.62459725499	0.838586825647
5.62973545216	1.00855076577
5.63537318271	1.14664088518
5.64016609055	0.790396017631
5.64544649372	1.00035065602
5.65049158743	1.06601465645
5.65478528727	0.815825108989
5.65954820809	1.02540648353
5.66525560066	0.891603339127
5.66950081666	1.0276826531
5.6744580704	0.756888787355
5.68023546439	0.778266653489
5.68568490337	0.652047339347
5.68997097338	0.798015869101
5.69467677366	0.578155118915
5.70016824752	0.711628093759
5.70524208618	0.43319740064
5.7104563492	0.439079457944
5.71488759108	0.307422634138
5.72053545908	0.317375210278
5.72481557019	0.462456407495
5.72953268964	0.365418309278
5.73493703979	0.0382338134615
5.73998263926	0.277601859088
5.74502163245	0.200043199237
5.74961443201	0.0780927437622
5.75493501866	-0.0505533101049
5.75910676478	0.00310039526589
5.76447740797	-0.0140872470749
5.77000183434	-0.40507410469
5.77575775411	-0.27392227675
5.78024128857	-0.486556411996
5.78583553092	-0.253353273363
5.79077792322	-0.659452565652
5.79483328289	-0.574704486617
5.80064900249	-0.589124904753
5.80570132485	-0.629296017045
5.81075077203	-0.571656799176
5.81547637503	-0.844674212472
5.82050037696	-0.865434817634
5.82639389091	-0.897917889735
5.83115707524	-0.69442281857
5.83533834797	-0.736260441953
5.84010549311	-0.743576073252
5.84598634195	-0.753037261552
5.85121383313	-0.934977958284
5.8561825174	-1.04500322697
5.86170532482	-1.08130009813
5.86595531573	-0.936739721212
5.87190462031	-1.00911204854
5.87685793431	-0.940617498585
5.88229777443	-0.92633548421
5.88822452015	-1.13882380811
5.89374731545	-0.889194302126
5.89785493135	-0.953261827161
5.90255838449	-1.05107390597
5.9077262525	-0.89746848851
5.91253479391	-0.954846327659
5.91684712608	-0.940960044165
5.92117107513	-0.766076618183
5.92528163326	-0.781795008248
5.92979949904	-0.652689639663
5.93429063089	-0.740091799845
5.93834129246	-0.84616469445
5.94326036451	-0.606809805647
5.94838784217	-0.745016134487
5.9539815073	-0.494401223473
5.9594577102	-0.586706266199
5.96367174231	-0.293611723478
5.96911302035	-0.328652092011
5.97409790191	-0.35236841839
5.97851116038	-0.36962835814
5.98275635917	-0.364694213581
5.98757132897	0.0182280723032
5.99276362758	-0.169655350596
5.99701067088	-0.0418937119373
6.00280025252	-0.0222654893542
6.00814898209	-0.0143216181617
6.01328953198	0.195745645012
6.01818914929	0.257658251435
6.02242251204	0.37680510983
6.02699915018	0.160409687546
6.03209518971	0.391891439232
6.03721462909	0.611172827839
6.04123283497	0.35956920353
6.04583780049	0.685350231272
6.05068624752	0.556176420852
6.05583337543	0.557546106521
6.06022279054	0.591823791844
6.0645234302	0.799592426472
6.06949662934	0.571644011213
6.07494188978	0.969618952743
6.07973395879	0.980975582816
6.0848871786	0.695810460827
6.09070085051	0.806916750606
6.09520523744	1.00868742362
6.10115633027	1.10875250838
6.10598681466	1.02049377979
6.11012172791	1.15983474722
6.11577696194	1.04647442741
6.12004392623	1.17238281995
6.12599390322	0.97822019871
6.13002257015	1.06052606234
6.1352921465	0.820384627053
6.13946134123	1.15896094188
6.14352614368	1.00847140079
6.14833123034	1.11204789935
6.1530095387	1.07296305746
6.15877055423	0.745863318335
6.16337456524	0.983347708213
6.1690148177	0.708074236538
6.17435713752	0.905330382214
6.179337935	0.878019531919
6.18428053644	0.564410852639
6.18848591948	0.891526858914
6.19423058175	0.579150028881
6.19918409389	0.610244359887
6.20508977348	0.438329766136
6.20980574452	0.36855628635
6.21416238658	0.588842679548
6.21844480548	0.424440572353
6.22352534152	0.488938335605
6.22920198376	0.257221049954
6.23326903186	0.0390114006702
6.23845021722	-0.0216475554695
6.24410350245	-0.015582169872
6.2498144258	-0.0766691764615
6.25445584965	0.0314274236791
6.25967190673	-0.209015535612
6.26492092228	-0.334022653484
6.26949678415	-0.113249517625
6.27477510786	-0.353968884882
6.2806898772	-0.439912997309
6.28487318099	-0.32223532447
6.29032925288	-0.573759098187
6.29555360933	-0.47631389025
6.30123386901	-0.754205557403
6.30564134367	-0.591054836091
6.31074216656	-0.887312635889
6.31610281783	-0.871238495565
6.32124110724	-0.958571249506
6.32643579012	-0.966716665278
6.33207716705	-0.965330791424
6.33626324995	-0.799514292319
6.34092459164	-1.08189634134
6.34521525225	-0.941201882275
6.3502370135	-0.800366185564
6.35594631825	-0.815919573168
6.36118075611	-0.801601197696
6.36649911377	-1.00184600729
6.37151574192	-1.02763870474
6.37692769871	-1.13643409875
6.3822625528	-0.847708311138
6.3874693041	-0.893281877144
6.39184856804	-1.06219322396
6.39701069109	-1.08112858983
6.4016764364	-0.782458754531
6.40671859194	-1.04421408632
6.41218285916	-0.929479839883
6.41806909097	-0.808081463559
6.42369264482	-0.659106219765
6.42861250288	-0.939282969209
6.43269528036	-0.795598350429
6.437859377	-0.893484307066
6.44360840437	-0.835620016588
6.4487945883	-0.799507760929
6.45446038363	-0.4298751927
6.45953913279	-0.296195618271
6.46367569755	-0.306982637566
6.46820107582	-0.427350178722
6.47336668159	-0.16792476649
6.47836153313	-0.387471743865
6.4838432888	-0.116469408804
6.48878054115	-0.326744330857
6.49345235423	0.0354422531433
6.49928849361	0.0262196998058
6.50525437212	-0.108987932083
6.51006113614	0.219218290058
6.5142577561	0.0364608336909
6.51993654255	0.371151189783
6.5249939134	0.176356923076
6.52980256231	0.533583369712
6.53472966496	0.582798474787
6.54022356697	0.4888690184
6.54511213477	0.504559003748
6.55042862724	0.452713561882
6.55550574396	0.646392811457
6.5608662105	0.700732776963
6.56500875522	0.767949601429
6.57062904539	0.91982115041
6.57495354991	0.969129295219
6.58002876154	0.779796384427
6.58591854792	0.876405760052
6.59002158376	0.977049178448
6.59512469545	0.796403850568
6.60013142858	0.838446489831
6.60489291632	0.857984108203
6.60985710135	0.845992098333
6.61543986433	0.951191380666
6.61955677004	0.943223656677
6.62470901511	1.1738622712
6.62876602735	0.972182559051
6.63452333074	1.01545503914
6.63920260738	1.01584629273
6.64443833061	0.799872872555
6.64898798993	0.986898578221
6.65492775799	0.91306411675
6.66070432725	0.813312704607
6.66615102321	0.841160516308
6.67188813692	0.763203189292
6.6768169586	0.765644863549
6.68219247116	0.903051523765
6.68812958711	0.659665054939
6.69216728965	0.797997979458
6.6963006661	0.796103754127
6.701938398	0.516869991578
6.70777605695	0.41983252467
6.71177864923	0.475631900491
6.7165953	0.531459102498
6.72257485748	0.520066949856
6.72771943985	0.314151037569
6.73350232866	0.269256752181
6.73799026632	0.027269783513
6.74284190124	0.182502680789
6.74857516836	0.00614800375364
6.75366968574	0.0107713153702
6.75965650411	0.0128844166718
6.76390132953	-0.236182292338
6.76954827999	-0.326840131696
6.77549628869	-0.185301625446
6.78090620965	-0.194965486317
6.78619499905	-0.402919727362
6.79103717832	-0.330553108005
6.79682052288	-0.441624357803
6.80171359507	-0.565477600985
6.80628628864	-0.467158937307
6.81072701116	-0.622271991948
6.8148751186	-0.73590480964
6.82024252061	-0.685536483768
6.82489131796	-0.713554443983
6.82983026316	-0.856774519858
6.83531311935	-0.711872805262
6.84031978811	-0.882374235475
6.84501194617	-0.912664620447
6.85085895744	-0.758022339477
6.85577294761	-0.862915649228
6.861430431	-1.1650028602
6.86580832345	-0.985235233454
6.87150466807	-0.994814101989
6.87746817915	-0.968531914331
6.88219841518	-0.867262433061
6.88662720267	-1.06745658494
6.89099436283	-1.1611625615
6.89681121733	-1.00515889375
6.90143876529	-0.938656604588
6.90692829999	-0.909150904768
6.91260939168	-0.926906469813
6.91733304622	-0.873821589517
6.92210048509	-1.01755441624
6.92665620744	-0.598571204919
6.93095498398	-0.701129766456
6.93640741899	-0.732722669558
6.9405948687	-0.797422025483
6.9464263451	-0.765708061308
6.95235797093	-0.523586700272
6.9579512226	-0.348631584345
6.96388248888	-0.473076019138
6.96875116766	-0.363484204209
6.97474743393	-0.363967002068
6.97941714188	-0.455298343089
6.98411135526	-0.052590440699
6.99001546308	0.0308465200071
6.99444553745	-0.0949475722366
6.99845245458	-0.137227637542
7.00421096643	-0.137407568647
7.00885973331	-0.0713031809826
7.01409860006	0.0215955560739
7.01868462496	0.0866952830631
7.02460413769	0.405647235581
7.03005953578	0.182708464345
7.0355419576	0.30606167781
7.04075710194	0.302876621017
7.04532235765	0.389456154173
7.05006026521	0.567338079142
7.05600749867	0.479111275694
7.06189563962	0.777990415834
7.06630883792	0.770566674826
7.07066768614	0.726717379727
7.07473990835	0.805627016447
7.08041607746	0.792875678715
7.08566308377	0.990428743014
7.09136600615	0.807759096352
7.09541788952	0.845521383267
7.09995250116	0.769930964148
7.10564171021	1.13546110871
7.11017250907	1.13178260613
7.11609194849	1.091871614
7.12021527987	1.10182832734
7.1258163167	1.00155919164
7.129914627	0.9108925468
7.13515907467	1.07354506586
7.13988428277	0.982691001386
7.14479077258	1.01581971844
7.15048361656	1.0202835391
7.15582894991	1.05030576061
7.16125405841	0.907042663773
7.16563113383	0.899926059115
7.17078362557	0.701959552662
7.17508823126	0.850270672947
7.17971369135	0.728887248544
7.18388049949	0.78118570268
7.18804133634	0.569034224134
7.19280436543	0.857355323607
7.19848292791	0.802602468847
7.20259448592	0.626306628647
7.20742357552	0.666953756285
7.21184640861	0.323942074629
7.2169105845	0.525580249049
7.22130471633	0.241140951857
7.22567132448	0.211990509115
7.2310350114	0.28351661589
7.23633507625	-0.0180258126467
7.24106591057	0.182153941445
7.24657760602	-0.117509002131
7.25253253285	-0.0723839143319
7.25783550943	-0.165175909948
7.2626780586	-0.312540677344
7.26717000591	-0.211174908619
7.27193562232	-0.0953748708344
7.27651310388	-0.136639315424
7.28167808331	-0.45876276328
7.28687005272	-0.582834905062
7.29120242527	-0.437107145343
7.29522918393	-0.711414525553
7.29985170896	-0.536794488008
7.3052788089	-0.614261991873
7.31054764923	-0.663975436845
7.31604847527	-0.707804556037
7.32101057166	-0.896842477585
7.32656894899	-0.669348341881
7.33172530187	-0.677409433247
7.33657174249	-0.934128155521
7.34145181956	-1.11158134115
7.345841864	-0.861574205881
7.35015149191	-0.762137423546
7.35613890054	-1.16319995386
7.36143051532	-0.807700047104
7.366984982	-1.01799827765
7.37279502903	-0.948746955732
7.37690331557	-1.08704719453
7.38210865512	-0.9465859487
7.38749060117	-0.834457106798
7.39211933715	-0.938068335777
7.39692672225	-0.766463782289
7.4010512341	-0.887311583567
7.40685575685	-0.93562434262
7.41234164387	-0.879065566395
7.41812606486	-0.798235406045
7.42281280246	-0.719692960461
7.4268761381	-0.965987033872
7.43088924392	-0.69793801223
7.43526445199	-0.867972137944
7.44056025623	-0.648821659524
7.44608972476	-0.620706752306
7.45172256544	-0.589847567171
7.45601786983	-0.426169510556
7.46022685003	-0.295682338787
7.4656935978	-0.283990347356
7.4706675572	-0.198573170002
7.47590662076	-0.252560158009
7.48183657342	-0.391934516158
7.48608878434	-0.0241908874809
7.49161098676	-0.12994282738
7.49634220086	-0.157951868688
7.50091363544	0.15053563136
7.50685846194	0.255219945303
7.51124237253	0.168563889035
7.51713119468	0.261538327323
7.52255035598	0.0892619230697
7.52811028265	0.508107883466
7.53318174921	0.392695072209
7.5382611894	0.582908847184
7.54276782849	0.701386816285
7.54866211478	0.468339547048
7.55432003931	0.495466897683
7.55883787114	0.655493828668
7.56413181562	0.783568116423
7.5686960071	0.774524081895
7.57314304182	0.986757839331
7.5787002045	0.740908956592
7.58425284835	0.972037542781
7.58972733201	1.03073073055
7.5955673731	0.808509757038
7.60029635658	1.01491625626
7.6050020727	0.896667487378
7.61014834685	1.03741941002
7.61599886803	0.83769797195
7.62036805145	1.09803597646
7.62501848665	1.0824306119
7.63082106968	1.17624416137
7.63679017126	0.97451074791
7.64094154732	0.850614808528
7.64552848582	0.942890162582
7.65151576978	0.914947627332
7.65585474768	1.06294288744
7.66000785247	0.905194401149
7.66423471005	0.983564914939
7.66938989647	0.725103560398
7.67457340755	0.930461517629
7.68021262996	0.740412374584
7.68427991127	0.776883348859
7.68848611504	0.681110531603
7.69295921904	0.768203936366
7.69728768522	0.462805038905
7.7032861423	0.365189138277
7.70888574705	0.521940461587
7.71479072054	0.455046368274
7.72035647317	0.226263019953
7.72560530269	0.331414258825
7.73025119057	0.43444318664
7.73453771276	0.205485831537
7.74006598309	0.119835893412
7.74579322522	0.182522450089
7.7515423388	-0.0972678365985
7.75647451808	-0.244070515024
7.7604951351	-0.111089779447
7.76547838703	-0.33816208993
7.77034704223	-0.274733723856
7.77494004001	-0.425927606064
7.78022531705	-0.4131341186
7.78559486654	-0.417546776867
7.7899703295	-0.387427336659
7.79586883369	-0.731967088002
7.80180809129	-0.577514054389
7.80586544645	-0.724897866783
7.81186481175	-0.884245055352
7.81649098852	-0.602141890783
7.82185381442	-0.893483471782
7.82638235822	-0.941483208684
7.83223569737	-0.668130425859
7.83744689375	-1.03049354419
7.8419419094	-1.05758108864
7.84775596627	-0.958115586703
7.85290064003	-1.12233601483
7.85804765517	-1.03935375557
7.86386160072	-1.07640329425
7.86920781672	-0.888187609722
7.87388750617	-0.890217708955
7.87966466137	-1.16925672861
7.88396311551	-1.16551948138
7.88903354178	-0.806852251249
7.89360463992	-0.978708843981
7.89939464965	-0.959232820568
7.90473955853	-0.751365795322
7.90978479582	-1.04010779644
7.91424806285	-1.01848916027
7.91977665869	-0.748330556327
7.923810375	-0.946042348764
7.92840004789	-0.587964983065
7.93249892469	-0.742692215971
7.93694942177	-0.887403273971
7.94261544159	-0.666915995683
7.9484582375	-0.582263586484
7.95436837821	-0.616631670964
7.95977883245	-0.318198224385
7.96405666309	-0.29800484797
7.97003355552	-0.403263514691
7.97570764713	-0.244659334895
7.98058287905	-0.0495940359573
7.9857800553	-0.193125311627
7.99008096982	-0.265814432474
7.99501759585	-0.0040552734467
7.99978356939	0.186691185627
8.00575364213	0.24652462027
8.01104486981	0.143857670092
8.0154730638	0.384160704902
8.01994740372	0.0936634970528
8.0252446402	0.132643101541
8.02952065535	0.429379748749
8.03499653687	0.521500885592
8.0392478884	0.431200029901
8.04511578738	0.718648566073
8.04974098455	0.601643174043
8.05384919069	0.456847240735
8.05840249194	0.519266403408
8.06313215182	0.593257324792
8.06793426684	0.942925790676
8.07383142765	0.749161758863
8.07978534147	0.854562078574
8.08425065553	0.952857752492
8.08842179958	0.870979508574
8.09314676035	0.951538018183
8.09845033044	0.854318310721
8.10302640154	1.03936713212
8.10880655433	0.862499445712
8.1147134709	0.950497547119
8.11975272653	1.07844558079
8.12490639285	0.891567887924
8.13077596051	1.18862604785
8.13484351514	0.95769378881
8.13982424249	0.885606621902
8.14450436858	0.796445620143
8.14870045743	1.01792853405
8.15335230749	0.742127692614
8.15918585597	0.777030125287
8.16398505301	0.936556444641
8.16951412107	0.978905844814
8.17379699918	0.849094159529
8.17972157303	0.699194828653
8.18411464975	0.601767067811
8.18864118462	0.745479199876
8.19452750456	0.711847872626
8.19922338122	0.5742515984
8.20336009012	0.595619290854
8.20916956535	0.540959441064
8.21361460733	0.401395262024
8.2192229327	0.376664166946
8.22364316517	0.267377941122
8.22823951599	0.134041933694
8.23418970504	0.287373562995
8.23861167435	0.104947656862
8.24386365308	0.263621847848
8.2493738602	0.185116860064
8.25531736206	-0.00137534521269
8.26084317959	0.0114037958193
8.26664639353	-0.396847792519
8.2714018211	-0.202125032017
8.27587108387	-0.282702898326
8.28129097507	-0.232378675248
8.28549081216	-0.493085836769
8.28949492239	-0.332728407519
8.29519826166	-0.344694989289
8.29974525896	-0.606271906814
8.30384176731	-0.755992751924
8.30958454762	-0.875596206319
8.31545140687	-0.682194152218
8.32115830491	-0.847380543129
8.32593966639	-0.73129091422
8.33006898243	-1.03367828076
8.33545893687	-0.799554923724
8.34111262449	-1.08518283297
8.3460399538	-0.94808694411
8.35110538387	-1.05178661125
8.35532622406	-0.851993704372
8.35996113243	-0.807701569721
8.36480848078	-1.08967832048
8.37066198607	-0.938829518241
8.3761895179	-1.09217248093
8.38132201635	-0.877523313866
8.38559302194	-1.03090464032
8.39035516254	-0.903356697331
8.39487819903	-1.00946679712
8.40032241695	-0.932126792149
8.40440934183	-0.753981043119
8.40888881687	-0.943494427616
8.41330248857	-1.06438158406
8.41895992247	-0.765836147398
8.42377199869	-0.788250299407
8.42883397027	-0.937942567692
8.43399949351	-0.66796914611
8.43960661663	-0.886990267356
8.44393757246	-0.524703138233
8.44834127214	-0.783746991703
8.45308936695	-0.564711002747
8.45788046348	-0.469458781422
8.46305216083	-0.626923069467
8.46729710397	-0.215933121788
8.47137633346	-0.398820661213
8.47682024197	-0.434279673248
8.4808610344	-0.131197848204
8.4855378833	-0.118753516872
8.49086639971	7.49171695871e-05
8.49602741606	-0.247661231586
8.50185964202	0.143602830872
8.50766769429	-0.0588450703274
8.51275703375	0.039676383667
8.51864810402	0.0497179795855
8.52412426977	0.36868995579
8.52880134134	0.335082443874
8.53441766008	0.608617742154
8.53950924053	0.519518330044
8.54395182872	0.435602482785
8.54810939837	0.674879500988
8.55385012295	0.692711219427
8.55937490235	0.798198993029
8.5636206739	0.848592350131
8.56817345398	0.638270385077
8.57223548357	0.814128626802
8.57665938972	0.70214428189
8.58207160769	0.726670474533
8.58636850378	0.994332212708
8.59182512206	0.866592410927
8.59736793758	1.04038707563
8.60316416018	1.05484319315
8.60787411971	0.795577000462
8.61364381446	0.804688339709
8.61860298866	1.05333322475
8.62336311174	0.800269659702
8.62854643596	0.972982314185
8.63310890063	1.05691788981
8.63763610551	1.06298753796
8.64177524775	0.806439270494
8.64658738147	1.06874177932
8.65251033071	1.02138223904
8.65791543009	0.861263957255
8.66258618729	1.03855483778
8.66696674436	0.912310181268
8.67188151578	0.891864341794
8.67627473069	0.712005045918
8.68096041522	0.758881945276
8.6864131701	0.726105093802
8.69112886627	0.654293167597
8.6962049674	0.762411986517
8.70094636686	0.455273866831
8.70603233852	0.60518606033
8.71062685042	0.664113186026
8.71651824357	0.547101918945
8.72070627133	0.33916180556
8.7263972374	0.246386235109
8.73163482269	0.301162738032
8.73711416746	-0.0170512763464
8.74307044801	0.192806532029
8.74860882951	-0.0939913371163
8.7544348322	-0.08078530955
8.75847245206	0.0523530965222
8.76305423028	-0.165975655186
8.76723139242	-0.367059324062
8.77273742842	-0.452057983304
8.77719120881	-0.186722296211
8.78246376958	-0.343458691992
8.78682730642	-0.469756295967
8.79256099919	-0.548939784495
8.79837365942	-0.706860562025
8.80341201522	-0.739359497819
8.80825658741	-0.562051531574
8.81320967993	-0.589204801601
8.81749921146	-0.822528467172
8.82235944266	-0.850074418467
8.82791734094	-0.910919289693
8.8335802357	-1.06402481502
8.83941525435	-0.870038172667
8.84433760996	-1.024835299
8.84887392238	-0.853552425918
8.85359820115	-0.811641065375
8.85840870572	-1.0326878294
8.86416623791	-1.08325408797
8.86888949415	-0.85773926751
8.87296339669	-1.05656490115
8.87869787847	-1.04031529631
8.88373380261	-0.910817771782
8.88888097409	-1.05924451482
8.89379226498	-1.14712560859
8.89895759915	-1.14362186884
8.90369891751	-0.795716077661
8.90940241372	-0.795284395196
8.91378711992	-0.786726251158
8.9182126071	-0.743341268637
8.92323501117	-0.99993824251
8.9279489389	-0.652551105571
8.93320121875	-0.817860605408
8.93900622806	-0.851899498736
8.94322512504	-0.775225275539
8.94825343676	-0.761186261548
8.95279729436	-0.594491786578
8.95801043777	-0.448373381773
8.96334805689	-0.384089643385
8.96841847904	-0.420336901142
8.9731398754	-0.23208114288
8.97731015516	-0.471939262541
8.98278713701	-0.195315837583
8.98708109214	-0.0101402663
8.99232936923	0.00823637853781
8.99721528907	-0.0801235590581
9.0013752392	0.0629727917558
9.0068316988	0.0120072530882
9.0124086855	0.113438324932
9.01820040022	0.360220839515
9.02321209514	0.154857790925
9.02855364531	0.306740203544
9.0333639957	0.411292159312
9.0377772653	0.399495814217
9.04302980334	0.61324972604
9.04708938255	0.400472018942
9.05180513512	0.585269680963
9.05599564229	0.841109206688
9.06008590345	0.792436089901
9.06560222491	0.555046063838
9.070181224	0.79704700091
9.07439370521	0.956977738775
9.08022609938	0.976644760649
9.08423395849	0.969915236758
9.0882625588	0.810072437106
9.0937542401	0.797139804176
9.09869657896	0.852931531568
9.10362103685	0.826237058466
9.10791233219	1.06644919694
9.11338252084	1.10753311794
9.11854469817	0.908601534666
9.12263410788	0.857185700025
9.12766709059	1.01655854898
9.13308356496	1.18798127706
9.13802049801	0.831476884209
9.14375331931	0.975574183867
9.14815418488	0.837217697377
9.15263068379	0.906536151922
9.15836634297	0.917908654031
9.16332573915	0.733682750538
9.16794445778	0.996751928545
9.17299643336	0.770289572921
9.17874386678	0.582059359539
9.18325001541	0.554141609627
9.1879794879	0.551122727986
9.19352960684	0.500455544937
9.19836684451	0.565666311864
9.20377065223	0.547540759498
9.20938427412	0.444489377105
9.21457289277	0.449569131268
9.22026640182	0.197228033459
9.22594081744	0.449959744825
9.23192277949	0.340664826807
9.23655612372	0.267560303211
9.24081191443	-0.0508016541702
9.24491649903	-0.124263192941
9.24921625137	-0.00209998380335
9.25398360177	-0.221001968203
9.2580630565	-0.016501348035
9.26353839831	-0.105652113253
9.26800728973	-0.147538054342
9.27352803229	-0.487171272932
9.27900480387	-0.415991813899
9.28405289248	-0.434872487844
9.28952793249	-0.559424714242
9.29495864056	-0.588878112457
9.30012657637	-0.601375655035
9.30479166941	-0.574123674672
9.30954594644	-0.48902723639
9.3137821835	-0.704002334259
9.31810703588	-0.773574111167
9.32370787169	-0.915356980326
9.3294867869	-0.908609507013
9.33439239277	-0.718428677484
9.33962015372	-0.840270114096
9.34376343145	-0.759972040172
9.34847945394	-0.782705526885
9.35400706008	-0.79572390177
9.35811222048	-0.961735326371
9.36319014092	-1.00905934515
9.36839800832	-1.07056429382
9.37262712163	-0.947741303144
9.37813305013	-0.932723025102
9.38395966255	-0.911639716346
9.38802968288	-1.07938226475
9.39236932764	-0.80216438957
9.39715898272	-0.927872152117
9.40289578249	-0.83524397477
9.40697680157	-0.87728771858
9.41233316752	-0.963956268738
9.41683972187	-0.826630934045
9.42168162813	-0.980022057673
9.42671919741	-0.918332118125
9.43076468135	-0.678403004518
9.43481963452	-0.63549291169
9.44049341214	-0.544955067813
9.44586055862	-0.679562817118
9.45115257452	-0.485704772599
9.45617026588	-0.494569266919
9.46022145324	-0.55958193278
9.46440417824	-0.239125262095
9.47002918163	-0.403085825368
9.47414185195	-0.333097317555
9.47829970048	-0.184704250602
9.48305208833	-0.373984016172
9.48875132062	-0.163735176862
9.49346794853	-0.0806118083177
9.4992283721	0.189253577524
9.50485842109	-0.0263353615907
9.50973688245	0.248008455242
9.5144489336	0.105219609739
9.5194237883	0.305656006212
9.52420603298	0.245925953132
9.52888278458	0.308375604335
9.53405163108	0.497072612957
9.53989892195	0.653439861679
9.5441728117	0.714067021607
9.5494239725	0.73167828809
9.55398160533	0.718323677018
9.55897436198	0.644480016118
9.56387210889	0.685871360646
9.56892298345	0.754544590899
9.57417057896	0.642503882068
9.57956088074	0.991988265574
9.58460598476	0.704166101982
9.58884448515	0.805121417489
9.59333368147	0.927349488074
9.5983464163	0.835454119887
9.60236546914	1.15778789323
9.60791348765	1.03777703668
9.61358084598	0.829904745521
9.61956305965	0.878742923183
9.62450228153	0.816120087416
9.6303214022	0.983876935544
9.63599529708	0.873294340457
9.6413286934	1.01021875444
9.64542493838	1.05634007156
9.65084060515	1.06424562483
9.65567667579	1.07663742405
9.65971318102	1.07181604619
9.66390884249	1.0474327154
9.66939008687	0.716670895114
9.67510477594	0.656075382565
9.68097618855	0.768069845529
9.68522922151	0.61076571196
9.69103986748	0.836032326465
9.69594468798	0.646885363506
9.70176719843	0.542712780762
9.70592214889	0.650996633061
9.71132866173	0.378532280475
9.71628762382	0.301881827127
9.72196266031	0.489041360226
9.7270608425	0.208796807207
9.73132018553	0.412080503047
9.73585072153	0.360696501003
9.74025543411	0.0415473900687
9.74494288138	-0.0656137510831
9.74993181664	0.0954339407895
9.75448560004	0.104442989033
9.76037582161	-0.225028689233
9.76515952455	-0.00819349268519
9.76987297811	-0.355941790651
9.7745549618	-0.476406704235
9.77971789019	-0.170356464754
9.7838271092	-0.218348873964
9.78937582449	-0.354063224521
9.79395741018	-0.344302517812
9.79980304311	-0.6359122223
9.80548880322	-0.651576491377
9.81078106235	-0.7191421305
9.81521686801	-0.875418047897
9.82056930882	-0.882132484408
9.82620362194	-0.831205756906
9.83092669991	-1.04874753539
9.83605274585	-0.971068368457
9.84086851775	-1.0868316322
9.84555297778	-0.924677640715
9.85147943149	-0.884283123558
9.85682629069	-0.956954155172
9.86139712352	-1.06251262482
9.86626527818	-1.02702404853
9.87097530275	-1.10286396296
9.87614872649	-1.07009400112
9.88117226766	-1.19321372709
9.88614898699	-1.18393223803
9.89022916389	-0.987380387044
9.89569702894	-0.890660650678
9.90063043073	-1.02012963314
9.90566063248	-0.980198723522
9.91034417355	-0.906478074643
9.91497412269	-1.06732361001
9.91968033328	-0.893742974522
9.92488803995	-0.740764461076
9.92933883759	-0.583090193166
9.93349878635	-0.855769178081
9.93773304237	-0.732150153542
9.94284463465	-0.475862899323
9.94764633236	-0.741043628559
9.95302122792	-0.735562891181
9.95892048441	-0.328624368406
9.96396476617	-0.322957093712
9.96925630494	-0.271882228761
9.97499458205	-0.396132929688
9.97917229582	-0.144324407705
9.98392071634	-0.392231558079
9.98976249411	-0.0175501293739
9.99459052559	0.0863534621213
9.99950147602	-0.17459785923
